549738642713870349
1078135689817882764
1072838491358105610
1072901968793718835
1080510781247991808
1080536468696613014
1080571758744186962
391097586695536640
758648883059621890
1015791810288832655
996933459173974119
880833605847355432
909768269265788948
1080543890983092316
1084249812955844629
706254726970343456
1089926383272218694
1090132784829448245
1090680754545107057
480899888327032833
1099004793084727347
1104461683818246265
994690565046284389
999894050360533062
803495241348284440
1108769987256135740
1063938693422919721
1111009108640931891
1112952242459394188
1073703272520622181
236362732830588930
1120178642815823933
1122161917805461567
1122570900584284262
916010438469247037
1062460315188605000
818191408753672233
852907060763951105
1131226554568036509
1133835975278207088
1133934181110526125
845060469961392181
1139926618853351497
638742245029445634
588496451668279337
1041832602841124927
422773109053980683
1144634435732504737
1146159908836872192
1146164331478798336
1149538962722005022
1153927943077232682
1155874698488467456
1162498337816186910
915319854477738046
1094047853070004366
1166239260731527248
1166772828415217686
1167520844847779921
838422466858319922
1173038584161382400
1173038755754553385
1174818256146665572
1175300596576825375
872660465745006612
1178110633657499680
1181762629702783036
1183207378049568860
1185705558100160564
780141311784779823
1185701222011904002
1187195567747633232
